A = 50007.5360999
B = 2080646.35241
C = 4241772.84257
AB_t = 3521.1346889
AC_t = 2540.83801675
AN_t = 1810.45541649
AN = 3816.271782
