A = 90060.5750748
B = 542823.396197
C = 2644819.44409
AB_t = 3127.94500832
AC_t = 4012.98652166
AN_t = 1860.32909731
AN = 9075.0070025
