A = 57823.8840345
B = 1965144.94139
C = 4041941.74983
AB_t = 2610.09070951
AC_t = 3492.51496574
AN_t = 1635.10568485
AN = 6774.04453616
