A = 46488.8735872
B = 866317.573401
C = 991065.572494
AB_t = 2297.81495868
AC_t = 2350.31424599
AN_t = 399.851319695
AN = 4756.49976457
